CERT 1.5810419063506698 1.5812354618157725 -1.5812504368193909 -1.5810267380282987 -0.00064593544428337369 0.00021531181482780559 -0.00023100368815949401 7.7001229453169807e-05 -0.00036391290901184369 0.00012130430307062267 -7.9525482396958338e-05 0.00023857644699085907 -1.5812862792249715 -1.5809875579365644
CERT 1.5809921489503478 1.5812923354143389 -1.5813112611384239 -1.5809611925889626 -0.00099391501520766948 0.00033130500513591194 -0.00035544534809983272 0.0001184817827666188 -1.5813655126411099 -1.5809067908308609 -0.00012493508328041604 0.00037480524964122314 -0.00019736254756928128 0.00059208764250780438
CERT 2.0184983615512553 2.0220390693413726 -2.021446000545839 -2.0190424171417218 -0.0066689498156501511 0.0022229832719501989 -0.95981029624158198 -0.95742219417892804 -0.0028187779936856395 0.00093959266462860915 -0.00032376537690538212 0.00097129613051608164 -0.00061987077792835282 0.0018596123335849343
CERT 1.5810303059349101 1.5812486693371258 -1.5812674646324689 -1.5810105766246875 -0.00070996471264608428 0.00023665490428204385 -0.00025632376371305051 8.5441254637689214e-05 -0.00014074390771805786 0.00042223172295414536 -8.4665213157550871e-05 0.00025399563927263567 -1.5813087660043734 -1.580970541333323
CERT 1.5810904719621544 1.5811864020597604 -1.5811849032413767 -1.5810953690211904 -0.00037817010342476895 0.00012605670120826473 -0.0002299059880827429 7.6635329427586082e-05 1.5810494387536465 1.5812277123324519 -7.7707051598603597e-05 0.00023312115459579524 -1.581227927650129 -1.5810497325181127
CERT 2.0186220546386454 2.02176694860019 -2.0214469881284884 -2.0191355389122831 -0.0064499371871004108 0.0021499790624336141 -0.95964453871888344 -0.95737819316308714 -0.00090461700122961257 0.0027138510034886571 -0.00032089546192439909 0.00096268638557313292 -0.00062445560528097258 0.0018733668156427927
CERT 1.5809871604274695 1.5812923146882368 -1.5813159092832391 -1.5809621807038223 -0.0010043719573553267 0.00033479065251846452 -0.00035919155028927939 0.00011973051682976778 1.5809050686957609 1.5813752847499568 -0.00012270004937600569 0.00036810014792799256 -0.00019936559864994018 0.00059809679574978064
CERT 1.5810666324399699 1.5812178183802151 -1.5812223201173845 -1.5810470716975228 -0.00054478314684295128 0.00018159438234766255 -6.6382481215908567e-05 0.00019914744344771242 -0.00026207845025744331 8.735948348582027e-05 -6.4801625717205837e-05 0.00019440487695160456 -1.5812495093462504 -1.5810161591014584
CERT 1.5810347214605712 1.5812437666562321 -1.581261814595132 -1.5810164846616683 -0.00069425437349457917 0.00023141812456487516 -8.2784768695607925e-05 0.00024835430588680721 -1.5812979048379012 -1.5809765062905318 -8.3428962370219405e-05 0.00025028688691064151 -0.00013761462573849502 0.00041284387701545747
CERT 1.5810347214605703 1.5812437666562329 -1.5812618145951327 -1.5810164846616676 -0.00069425437349700735 0.00023141812456568457 -8.3428962370531045e-05 0.00025028688691157648 -0.00013761462573899719 0.00041284387701696403 -8.2784768695832531e-05 0.00024835430588748104 -1.581297904837901 -1.5809765062905316
CERT 1.5810968139392259 1.5811823903764762 -1.5811780385590674 -1.5810983193037979 -0.00033002527908453511 0.0001100084264281857 -6.9030162150714508e-05 0.00020709048625212971 1.5810576950262528 1.5812179874847987 -6.7119286180567273e-05 0.00020135785834168838 -1.5812205260207714 -1.5810603420614879
CERT 1.5810186911762417 1.5812651845330506 -1.5812801917979191 -1.5809928544342353 -0.00082431233935763748 0.00027477077985256418 -8.622233171052709e-05 0.00025866699493156407 1.5809519276846076 1.5813310003191235 -0.00010402287883552636 0.00031206863630655832 -0.00016413292853080659 0.00049239878539238688
CERT 1.5810101646300566 1.5812738414675718 -1.581290608794053 -1.5809821966686947 -0.00028290207152333117 0.00084870621436993681 -0.00030030145041878999 0.00010010048353960335 -0.00050470589946505358 0.00016823529988836242 -0.00010088317284029513 0.00030264951832086523 -1.5813418090933895 -1.5809310428037897
CERT 1.5809888391745138 1.5812883718352262 -1.5813160568018997 -1.5809608094812186 -0.00032088001526879301 0.0009626400456063147 -0.00033026041550725108 0.00011008680523575771 -1.5813682205428292 -1.5809030518734927 -0.00012168503462814397 0.00036505510368440762 -0.0002020760288093963 0.00060622808622814843
CERT 2.0183930442141423 2.0221270527104851 -2.0216122231220916 -2.0190231039362904 -0.0024390246041322252 0.0073170738121961874 -0.95979062170303175 -0.95731350870438014 -0.002887404048408758 0.00096246801620298358 -0.00035483043917792822 0.0010644913173337137 -0.00070195366746747609 0.002105861002202288
CERT 1.4139981553704937 1.4148597833747605 -1.1448981857654028 -1.1433474245793144 0.83002772489851473 0.83248017157954013 -1.144684015860778 -1.1435617210209201 -0.83313385970291775 -0.8293727955638882 0.43598849071277047 0.43804313216786651 1.3445528176176536 1.3454406295717798
CERT 1.5810007300758329 1.5812812172224707 -1.5813024628430172 -1.5809685212475019 -0.00028299808259645145 0.00084899424758929764 -0.00033372760244040791 0.00011124253421347674 -0.00020073928627207995 0.00060221785861619968 -0.0001171926771204301 0.00035157803116126684 -1.5813480203265659 -1.5809106473055059
CERT 1.5808609302303025 1.5814490957021677 -1.581392939711703 -1.5808635469122533 -0.00077357512402435716 0.0023207253718729167 -0.0014936559884226911 0.00049788532954093035 1.5806397162902016 1.5815504707664774 -0.00043897706373586446 0.0013169311910075056 -1.5815514331453164 -1.5806368291536807
CERT 2.0182114322170786 2.0226581118688132 -2.0217443940840813 -2.0188225334406992 -0.0026575943574541874 0.0079727830721620305 -0.96012128255894058 -0.95722303292249211 -0.0011330897066596326 0.0033992691197786709 -0.00031211983994946856 0.00093635951964834313 -0.00075549045742886761 0.0022664713720864515
CERT 1.5810827908979628 1.5811969018192891 -1.5812033097833779 -1.5810712282871235 -0.00013495453337144784 0.00040486359991431651 -0.00012269760030582364 4.0899200168610612e-05 1.5810470659205123 1.581222704596504 -4.7148130218604735e-05 0.00014144439045580477 -6.6714756308402541e-05 0.00020014426872519428
CERT 1.5810186911762417 1.581265184533051 -1.5812801917979186 -1.5809928544342357 -0.00027477077985191804 0.00082431233935569915 -0.00010402287883571907 0.00031206863630713642 -0.00049239878539123621 0.00016413292853042304 -8.622233171029877e-05 0.00025866699493087907 -1.5813310003191227 -1.5809519276846082
CERT 1.5810119543080657 1.5812592015587846 -1.581289506167061 -1.5809938695354537 -0.00027659848158435087 0.00082979544455299721 -9.5812019550884061e-05 0.000287436058452633 -1.5813325683625265 -1.5809462463730383 -9.5033844165925905e-05 0.00028510153229775873 -0.0001617686927628684 0.00048530607808857285
CERT 1.5810119543080663 1.5812592015587835 -1.5812895061670599 -1.5809938695354543 -0.00027659848158162768 0.00082979544454482764 -9.5033844165402818e-05 0.00028510153229618945 -0.00016176869276201153 0.00048530607808600226 -9.5812019550333909e-05 0.00028743605845098257 -1.5813325683625245 -1.5809462463730394
CERT 1.5810968139392252 1.5811823903764764 -1.5811780385590679 -1.5810983193037984 -0.00011000842642773464 0.00033002527908318193 -6.7119286180613026e-05 0.00020135785834182564 1.5810603420614891 1.5812205260207713 -6.9030162151757551e-05 0.00020709048625525883 -1.5812179874847986 -1.5810576950262518
CERT 1.5810666324399692 1.5812178183802149 -1.5812223201173845 -1.5810470716975228 -0.00018159438234621467 0.00054478314683860765 -6.4801625716501322e-05 0.00019440487694949102 1.58101615910146 1.5812495093462498 -6.6382481215744636e-05 0.00019914744344722062 -8.7359483486084218e-05 0.00026207845025823517
STAT sym=1 N=5 worker=0 boxes=798238 t0_chart=109275 t1_inertia=22458 t2_G=189807 t3_cluster=32595 t4_krawczyk_excl=44771 cert=25 unres=0
