CERT 1.581082790897963 1.5811969018192885 -1.5812033097833775 -1.5810712282871239 -0.00040486359991042362 0.00013495453337015023 -0.00012269760030586074 4.0899200168622979e-05 -1.5812227045965037 -1.5810470659205129 -4.7148130217919194e-05 0.00014144439045374815 -0.00020014426872605513 6.6714756308689489e-05
CERT 2.0182114322170786 2.0226581118688132 -2.0217443940840813 -2.0188225334406992 -0.0079727830721620391 0.0026575943574541905 -0.96012128255894058 -0.95722303292249211 -0.0033992691197786734 0.0011330897066596335 -0.00031211983994946856 0.00093635951964834313 -0.0022664713720864531 0.00075549045742886816
CERT 1.5808609302303021 1.5814490957021681 -1.5813929397117032 -1.5808635469122531 -0.0023207253718737614 0.00077357512402463874 -0.0014936559884216559 0.00049788532954058525 -1.5815504707664758 -1.5806397162902026 -0.00043897706373579106 0.0013169311910072853 1.5806368291536808 1.5815514331453178
CERT 1.581000730075832 1.5812812172224716 -1.5813024628430187 -1.5809685212475004 -0.00084899424759337358 0.00028299808259781012 -0.00033372760244371126 0.00011124253421457784 -0.0006022178586167782 0.00020073928627227278 -0.00011719267712049545 0.00035157803116146291 1.5809106473055048 1.5813480203265671
CERT 2.0183930442141423 2.0221270527104851 -2.0216122231220916 -2.0190231039362904 -0.0073170738121961873 0.0024390246041322253 -0.95979062170303175 -0.95731350870438014 -0.00096246801620298368 0.0028874040484087585 -0.00035483043917792827 0.0010644913173337139 -0.0021058610022022883 0.00070195366746747632
CERT 1.5809888391745144 1.5812883718352265 -1.5813160568018975 -1.5809608094812204 -0.00096264004560531483 0.00032088001526845974 -0.00033026041550811844 0.00011008680523604682 1.5809030518734942 1.5813682205428288 -0.00012168503462747722 0.00036505510368240732 -0.0006062280862270228 0.0002020760288090211
CERT 1.5810101646300572 1.5812738414675712 -1.5812906087940523 -1.5809821966686949 -0.00084870621436620909 0.00028290207152208863 -0.00030030145041683886 0.00010010048353895298 -0.00016823529988761401 0.00050470589946280843 -0.00010088317284083814 0.00030264951832249425 1.5809310428037893 1.5813418090933896
CERT 1.5810666324399696 1.5812178183802153 -1.5812223201173849 -1.5810470716975224 -0.0005447831468411849 0.00018159438234707375 -6.480162571672586e-05 0.00019440487695016464 -1.5812495093462508 -1.5810161591014584 -6.6382481216188129e-05 0.0001991474434485511 -0.00026207845025941434 8.7359483486477283e-05
CERT 1.5810968139392252 1.5811823903764764 -1.5811780385590681 -1.5810983193037972 -0.00033002527908094049 0.0001100084264269875 -6.711928617992243e-05 0.00020135785833975384 -1.5812205260207718 -1.5810603420614883 -6.903016215235435e-05 0.00020709048625704922 1.5810576950262516 1.5812179874847985
CERT 1.5810119543080655 1.5812592015587848 -1.581289506167061 -1.5809938695354532 -0.00082979544454779639 0.00027659848158261729 -9.5033844166100936e-05 0.0002851015322982838 -0.0004853060780906094 0.00016176869276354726 -9.5812019551311304e-05 0.00028743605845391475 1.5809462463730378 1.5813325683625268
CERT 1.5810119543080659 1.5812592015587839 -1.5812895061670608 -1.5809938695354539 -0.00082979544455006866 0.00027659848158337472 -9.5812019550983794e-05 0.00028743605845293219 1.5809462463730384 1.5813325683625262 -9.5033844165366078e-05 0.00028510153229607924 -0.00048530607808811205 0.00016176869276271481
CERT 1.5810186911762414 1.5812651845330513 -1.5812801917979195 -1.5809928544342344 -0.00082431233935909454 0.00027477077985304985 -0.00010402287883655767 0.0003120686363096522 -0.00016413292853111239 0.00049239878539330434 -8.6222331709890243e-05 0.00025866699492965349 1.5809519276846085 1.581331000319123
CERT 1.5809871604274697 1.5812923146882365 -1.5813159092832396 -1.5809621807038218 -0.0003347906525183318 0.0010043719573549287 -0.00035919155028879811 0.00011973051682960736 -1.5813752847499569 -1.5809050686957606 -0.00012270004937575915 0.00036810014792725292 -0.00059809679574965768 0.0001993655986498992
CERT 2.0186220546386454 2.02176694860019 -2.0214469881284884 -2.0191355389122831 -0.0021499790624336131 0.0064499371871004083 -0.95964453871888344 -0.95737819316308714 -0.0027138510034886587 0.00090461700122961323 -0.00032089546192439892 0.00096268638557313249 -0.0018733668156427937 0.00062445560528097291
CERT 1.4139981553704937 1.414859783374761 -1.1446840158607776 -1.1435617210209214 0.82937279556388755 0.83313385970291865 -1.144898185765403 -1.1433474245793138 -0.83248017157954035 -0.8300277248985145 0.43598849071277052 0.43804313216786667 -1.3454406295717804 -1.3445528176176528
CERT 1.5810904719621535 1.5811864020597608 -1.5811849032413769 -1.5810953690211901 -0.00012605670120881138 0.00037817010342640893 -0.00022990598808374522 7.6635329427920192e-05 -1.5812277123324522 -1.581049438753646 -7.7707051599392313e-05 0.00023312115459816138 1.5810497325181121 1.5812279276501298
CERT 1.6340222889421364 1.6341252801678091 -1.461654092747286 -1.4613366402773819 0.3539016532510404 0.35444608006990397 -0.50400082512980193 -0.50291051778736639 -1.5547490577886509 -1.5544176985952788 0.11319157255968464 0.11348747097170352 1.4994695864916948 1.4995983132309215
CERT 1.5810303059349094 1.581248669337126 -1.5812674646324702 -1.5810105766246862 -0.00023665490428315135 0.00070996471264940683 -0.00025632376371513164 8.5441254638382928e-05 -0.00042223172295605999 0.00014074390771869609 -8.4665213158041364e-05 0.00025399563927410715 1.5809705413333224 1.5813087660043733
CERT 2.0184983615512553 2.0220390693413726 -2.021446000545839 -2.0190424171417218 -0.0022229832719501988 0.0066689498156501512 -0.95981029624158198 -0.95742219417892804 -0.00093959266462860903 0.0028187779936856392 -0.00032376537690538212 0.00097129613051608164 -0.0018596123335849347 0.00061987077792835294
CERT 1.5809921489503489 1.5812923354143374 -1.5813112611384223 -1.5809611925889646 -0.00033130500513477628 0.00099391501520426271 -0.00035544534809822247 0.00011848178276608205 1.5809067908308621 1.5813655126411089 -0.0001249350832792335 0.00037480524963767553 -0.00059208764250582386 0.00019736254756862112
CERT 1.5810419063506692 1.5812354618157723 -1.5812504368193902 -1.5810267380282989 -0.00021531181482736599 0.00064593544428205488 -0.00023100368815888317 7.7001229452966194e-05 -0.00012130430307133598 0.0003639129090139837 -7.9525482396802443e-05 0.0002385764469903914 1.5809875579365645 1.5812862792249716
CERT 1.5810186911762414 1.5812651845330513 -1.5812801917979175 -1.5809928544342368 -0.00027477077985167317 0.00082431233935496449 -8.62223317093975e-05 0.00025866699492817529 -1.5813310003191225 -1.5809519276846084 -0.00010402287883576375 0.00031206863630727048 -0.00049239878539093513 0.00016413292853032267
CERT 1.5810968139392255 1.5811823903764762 -1.5811780385590674 -1.5810983193037984 -0.00011000842642715149 0.00033002527908143246 -6.9030162151626173e-05 0.00020709048625486469 -1.5812179874847982 -1.5810576950262522 -6.711928618009307e-05 0.00020135785834026577 1.5810603420614895 1.5812205260207713
CERT 1.5810347214605703 1.5812437666562334 -1.5812618145951329 -1.5810164846616669 -0.00023141812456615922 0.00069425437349843135 -8.3428962370861781e-05 0.00025028688691256868 -0.00041284387701750758 0.0001376146257391784 -8.2784768695844145e-05 0.00024835430588751584 1.5809765062905313 1.5812979048379015
CERT 1.5810347214605721 1.5812437666562321 -1.5812618145951302 -1.5810164846616687 -0.00023141812456624365 0.00069425437349868462 -8.2784768696154132e-05 0.00024835430588844582 1.5809765062905319 1.5812979048379008 -8.3428962370347083e-05 0.00025028688691102456 -0.00041284387701786651 0.00013761462573929804
CERT 1.5810666324399699 1.5812178183802146 -1.5812223201173842 -1.5810470716975235 -0.00018159438234619589 0.00054478314683855138 -6.638248121545453e-05 0.00019914744344635031 -8.7359483486269197e-05 0.00026207845025879012 -6.4801625716701737e-05 0.00019440487695009226 1.5810161591014598 1.5812495093462505
STAT sym=1 N=5 worker=1 boxes=1198433 t0_chart=128552 t1_inertia=34653 t2_G=244056 t3_cluster=35352 t4_krawczyk_excl=152962 cert=26 unres=0
