CERT 1.5809420879085672 1.5813219785055355 -1.5813606782934832 -1.5809301909217383 -0.0011865367603499871 0.0003955122535166887 -0.00049663117758404749 0.00016554372592802688 -0.00073679010737205772 0.00024559670252403564 -0.0004488946523804902 0.0001496315508601734 -1.5814299945299263 -1.5808525878857162
CERT 1.5809747688965541 1.5813120325229416 -1.5813323584458482 -1.5809384787161322 -0.0010751320472050531 0.00035837734913504158 -0.00043607648729909027 0.00014535882916637313 -1.5814032550245133 -1.5808813474747989 -0.00038067753383838961 0.00012689251134613835 -0.00021246482610348197 0.00063739447811040338
CERT 2.0186852614858198 2.0218315557864722 -2.02128046938041 -2.0191912487455017 -0.0060088742133445477 0.00200295807118165 -0.95964820922190019 -0.95757125353514982 -0.0025223407623195495 0.00084078025417323927 -0.00085257327554689153 0.00028419109191564951 -0.00059253140794312284 0.0017775942236292501
CERT 1.5809747688965537 1.5813120325229416 -1.5813323584458485 -1.580938478716132 -0.0010751320472038139 0.00035837734913462855 -0.00038067753383864364 0.00012689251134622302 -0.00021246482610324759 0.00063739447810970028 -0.00043607648729571932 0.00014535882916524949 -1.5814032550245122 -1.5808813474747995
CERT 1.5808076167633083 1.5814726068112258 -1.5814416332783194 -1.5808349738038307 -0.0026272034090745856 0.00087573446975825365 -0.0015955870785129683 0.00053186235957102489 1.5806135657110552 1.581559187626193 -0.0015805306284036395 0.00052684354286791505 -1.5815667331773934 -1.5805909290574495
CERT 2.0190303862489505 2.0213546176171949 -2.02110441767041 -2.019419398704811 -0.004868073513053104 0.0016226911710844764 -0.95934366431580553 -0.95771305785520022 -0.00067637448709968999 0.0020291234610989346 -0.00062425037316132391 0.00020808345778712185 -0.0004648394704778054 0.0013945184112333235
CERT 1.5810341724926269 1.5812443311324789 -1.5812615441377997 -1.58101688556658 -0.00067739573645950797 0.0002257985788865177 -0.00024212392458187008 8.0707974927295414e-05 1.5809739855379652 1.58130053855262 -0.00024713661904905064 8.2378873083022373e-05 -0.00013449601417286511 0.00040348804231856844
CERT 1.5810827908979628 1.5811969018192878 -1.5812033097833779 -1.5810712282871244 -0.00040486359990914795 0.000134954533369725 -4.7148130217493665e-05 0.00014144439045247156 -0.00020014426872416366 6.6714756308058999e-05 -0.00012269760030373012 4.0899200167912772e-05 -1.5812227045965032 -1.5810470659205129
CERT 1.5810303059349094 1.5812486693371269 -1.58126746463247 -1.581010576624686 -0.00070996471265179336 0.0002366549042839469 -8.4665213158185929e-05 0.00025399563927454083 -1.5813087660043736 -1.5809705413333214 -0.00025632376371315102 8.5441254637722716e-05 -0.00014074390771924122 0.00042223172295769541
CERT 1.5809921489503487 1.5812923354143367 -1.5813112611384225 -1.5809611925889648 -0.00099391501520244515 0.00033130500513417044 -0.00012493508327848028 0.00037480524963541589 -0.00019736254756830119 0.00059208764250486413 -0.00035544534809874944 0.00011848178276625771 -1.5813655126411088 -1.5809067908308624
CERT 1.5808609302303023 1.5814490957021679 -1.5813929397117028 -1.5808635469122536 -0.002320725371871191 0.00077357512402378201 -0.00043897706373535782 0.0013169311910059855 1.580636829153681 1.5815514331453176 -0.0014936559884204374 0.00049788532954017911 -1.5815504707664758 -1.5806397162902026
CERT 1.5810101646300579 1.5812738414675705 -1.5812906087940523 -1.5809821966686954 -0.00084870621436512988 0.00028290207152172889 -0.00010088317284085672 0.00030264951832254997 1.58093104280379 1.5813418090933889 -0.00030030145041571904 0.0001001004835385797 -0.00016823529988747238 0.00050470589946238353
CERT 1.5810341724926267 1.5812443311324796 -1.5812615441378006 -1.5810168855665787 -0.00022579857888628952 0.00067739573645882342 -0.00024713661905024825 8.2378873083421576e-05 -0.00040348804231824566 0.00013449601417275754 -0.00024212392458051109 8.0707974926842421e-05 -1.5813005385526193 -1.5809739855379645
CERT 1.5809741318753324 1.581318799013721 -1.5813345953686284 -1.5809244888170164 -0.00034113289043482733 0.0010233986711044139 -0.00036136643267171367 0.0001204554776239126 -1.5813939866218684 -1.5808548511377318 -0.00037682285476006417 0.0001256076183200298 -0.00025201549670530293 0.00075604648991585834
CERT 2.0184697793668259 2.0220250452857745 -2.0215070672005706 -2.0191010326986824 -0.0022718983848102401 0.006815695154230265 -0.95973197142347888 -0.95737279094754534 -0.0031110446226287279 0.0010370148742763119 -0.0010631814666877184 0.00035439382229592986 -0.00069283523195361705 0.0020785056956607123
CERT 1.5809741318753328 1.5813187990137197 -1.5813345953686279 -1.5809244888170177 -0.00034113289043450137 0.0010233986711034359 -0.00037682285475881577 0.00012560761831961366 -0.00025201549670417905 0.00075604648991248669 -0.0003613664326719174 0.0001204554776239805 -1.581393986621868 -1.5808548511377331
CERT 1.8339295626918753 1.834444166733622 -1.5285343477564727 -1.5240750339303501 1.0153559525014182 1.0197961343220583 -0.50366055435160239 -0.50239145154978404 0.41020868469501165 0.41202272337167407 -0.45459618020055608 -0.44817258619096206 -1.4917711535286273 -1.4909000056820767
CERT 1.5810186009156427 1.5812604012265024 -1.5812493862477332 -1.5810275871306342 -0.00032265026796774544 0.00096795080370317181 -0.00057931096096929381 0.00019310365372311083 1.5809161386770748 1.5813569512046708 -0.00058716615109331068 0.00019572205043111662 -1.5813642804534278 -1.5809218219523599
CERT 2.0184645490957394 2.0223142330769451 -2.0214520636816462 -2.0190747361511172 -0.0022850823777500468 0.0068552471330496834 -0.95984972013276692 -0.95744903153694771 -0.0009628948924785386 0.0028886846772354235 -0.0013363460921906231 0.00044544869746357082 -0.00065231260216041988 0.0019569378062811293
CERT 1.5809420879085665 1.5813219785055362 -1.5813606782934843 -1.5809301909217372 -0.00039551225351878673 0.0011865367603562812 -0.00044889465238146859 0.00014963155086049953 1.5808525878857145 1.5814299945299278 -0.00049663117758536501 0.00016554372592846604 -0.00024559670252474025 0.0007367901073741716
CERT 1.5809871604274708 1.5812923146882354 -1.5813159092832387 -1.5809621807038227 -0.00033479065251669612 0.0010043719573500216 -0.00012270004937506065 0.00036810014792515743 -0.00059809679574685718 0.0001993655986489657 -0.00035919155028750596 0.00011973051682917664 -1.5813752847499555 -1.5809050686957619
CERT 1.5810007300758318 1.5812812172224718 -1.5813024628430185 -1.5809685212475006 -0.00028299808259800196 0.0008489942475939492 -0.00011719267712071321 0.0003515780311621162 -1.5813480203265666 -1.5809106473055052 -0.00033372760244324418 0.00011124253421442215 -0.00020073928627261833 0.00060221785861781492
CERT 1.5809888391745144 1.5812883718352256 -1.581316056801898 -1.5809608094812208 -0.00032088001526832599 0.00096264004560491369 -0.00012168503462730179 0.00036505510368188105 -0.00020207602880914165 0.0006062280862273845 -0.00033026041550689432 0.00011008680523563878 -1.5813682205428281 -1.5809030518734938
CERT 1.5810904719621535 1.5811864020597608 -1.5811849032413769 -1.5810953690211901 -0.00012605670120858448 0.00037817010342572827 -7.7707051599266343e-05 0.00023312115459778348 1.5810497325181121 1.5812279276501303 -0.00022990598808340822 7.6635329427807855e-05 -1.5812277123324522 -1.581049438753646
CERT 1.5810419063506692 1.5812354618157732 -1.5812504368193904 -1.5810267380282982 -0.0002153118148278513 0.00064593544428351085 -7.9525482396655439e-05 0.00023857644698995038 1.5809875579365636 1.5812862792249729 -0.00023100368815883004 7.700122945294848e-05 -0.00012130430307143584 0.00036391290901428327
STAT sym=1 N=5 worker=2 boxes=1320881 t0_chart=121485 t1_inertia=45506 t2_G=362195 t3_cluster=48933 t4_krawczyk_excl=82117 cert=25 unres=0
