CERT 1.5809420879085645 1.5813219785055373 -1.5813606782934856 -1.5809301909217363 -0.0011865367603547747 0.00039551225351828459 -0.00044889465238283842 0.00014963155086095614 -1.5814299945299279 -1.5808525878857146 -0.00049663117758680125 0.00016554372592894479 -0.00073679010737618853 0.00024559670252541258
CERT 2.0184645490957394 2.0223142330769451 -2.0214520636816462 -2.0190747361511172 -0.0068552471330495671 0.0022850823777500083 -0.95984972013276692 -0.95744903153694771 -0.0028886846772353726 0.0009628948924785217 -0.0013363460921906006 0.00044544869746356329 -0.0019569378062810954 0.00065231260216040872
CERT 1.5808076167633085 1.581472606811226 -1.5814416332783192 -1.5808349738038309 -0.002627203409077405 0.00087573446975919344 -0.0015805306283997787 0.0005268435428666281 -1.5815667331773937 -1.5805909290574489 -0.0015955870785132469 0.00053186235957111781 1.5806135657110565 1.5815591876261926
CERT 1.5809741318753326 1.5813187990137203 -1.5813345953686286 -1.5809244888170175 -0.0010233986711022874 0.00034113289043411855 -0.00037682285476057304 0.00012560761832019943 -0.00075604648991225379 0.00025201549670410143 -0.00036136643266997207 0.00012045547762333207 1.5808548511377328 1.5813939866218681
CERT 2.0184697793668259 2.0220250452857745 -2.0215070672005706 -2.0191010326986824 -0.0068156951542302805 0.0022718983848102454 -0.95973197142347888 -0.95737279094754534 -0.0010370148742763103 0.0031110446226287232 -0.0010631814666877184 0.00035439382229592986 -0.0020785056956607083 0.00069283523195361565
CERT 1.5809741318753324 1.5813187990137206 -1.5813345953686286 -1.5809244888170175 -0.0010233986711051825 0.00034113289043508354 -0.00036136643267103594 0.0001204554776236867 1.5808548511377323 1.5813939866218685 -0.0003768228547613785 0.0001256076183204679 -0.00075604648991418183 0.00025201549670474409
CERT 1.5810341724926276 1.5812443311324787 -1.5812615441378001 -1.5810168855665791 -0.00067739573645721206 0.00022579857888575239 -0.00024713661904843828 8.2378873082818245e-05 -0.00013449601417242449 0.00040348804231724658 -0.00024212392458068727 8.0707974926901144e-05 1.5809739855379655 1.5813005385526189
CERT 1.5810419063506698 1.5812354618157725 -1.5812504368193895 -1.5810267380282996 -0.00064593544428119922 0.00021531181482708077 -7.9525482396711763e-05 0.00023857644699011935 -1.581286279224972 -1.5809875579365639 -0.00023100368815827981 7.7001229452765074e-05 -0.00036391290901268856 0.00012130430307090429
CERT 1.581090471962154 1.5811864020597604 -1.5811849032413773 -1.5810953690211906 -0.00037817010341971229 0.00012605670120657918 -7.7707051598117143e-05 0.00023312115459433588 -1.5812279276501295 -1.5810497325181132 -0.00022990598808006145 7.6635329426692266e-05 1.5810494387536461 1.5812277123324515
CERT 1.5809888391745149 1.5812883718352251 -1.581316056801898 -1.5809608094812208 -0.00096264004560319598 0.00032088001526775343 -0.00012168503462682659 0.00036505510368045543 -0.00060622808622557116 0.00020207602880853722 -0.0003302604155062985 0.00011008680523544017 1.5809030518734939 1.5813682205428282
CERT 1.5810007300758322 1.5812812172224718 -1.5813024628430183 -1.5809685212475008 -0.00084899424759252032 0.00028299808259752568 -0.00011719267712057023 0.00035157803116168724 1.5809106473055051 1.5813480203265669 -0.00033372760244329156 0.00011124253421443795 -0.00060221785861785948 0.00020073928627263323
CERT 1.5809871604274706 1.5812923146882365 -1.581315909283238 -1.5809621807038229 -0.0010043719573488295 0.00033479065251629882 -0.00012270004937577484 0.00036810014792729997 -0.0001993655986486628 0.00059809679574594852 -0.00035919155028806579 0.00011973051682936325 1.5809050686957614 1.5813752847499559
CERT 1.5810341724926269 1.5812443311324789 -1.5812615441377997 -1.5810168855665795 -0.0002257985788853129 0.00067739573645589358 -0.00024212392458020467 8.0707974926740275e-05 -1.581300538552619 -1.5809739855379643 -0.00024713661904888405 8.2378873082966835e-05 -0.00040348804231623989 0.00013449601417208894
CERT 2.0190303862489505 2.0213546176171949 -2.02110441767041 -2.019419398704811 -0.0016226911710844743 0.0048680735130530989 -0.95934366431580553 -0.95771305785520022 -0.0020291234610989323 0.00067637448709968924 -0.00062425037316132293 0.00020808345778712155 -0.0013945184112333195 0.00046483947047780411
CERT 1.5810186009156427 1.5812604012265028 -1.5812493862477337 -1.5810275871306342 -0.00032265026796661261 0.00096795080369977327 -0.00058716615109129135 0.0001957220504304435 -1.5813642804534271 -1.5809218219523601 -0.00057931096097063789 0.00019310365372355885 1.5809161386770754 1.5813569512046711
CERT 1.5809747688965535 1.5813120325229422 -1.5813323584458476 -1.5809384787161315 -0.00035837734913434242 0.0010751320472029557 -0.00038067753383733544 0.00012689251134578696 -0.00063739447810921411 0.00021246482610308556 -0.0004360764872943961 0.00014535882916480841 1.5808813474748003 1.5814032550245117
CERT 2.0186852614858198 2.0218315557864722 -2.02128046938041 -2.0191912487455017 -0.0020029580711816521 0.0060088742133445547 -0.95964820922190019 -0.95757125353514982 -0.00084078025417324089 0.0025223407623195544 -0.00085257327554689272 0.00028419109191564989 -0.0017775942236292513 0.00059253140794312328
CERT 1.5809747688965546 1.5813120325229416 -1.581332358445848 -1.580938478716132 -0.00035837734913514717 0.00107513204720537 -0.00043607648729687806 0.00014535882916563573 1.580881347474799 1.581403255024513 -0.00038067753383679535 0.00012689251134560693 -0.00063739447811075736 0.00021246482610359996
CERT 1.5809420879085677 1.5813219785055337 -1.5813606782934834 -1.5809301909217394 -0.00039551225351501599 0.0011865367603449691 -0.00049663117758400314 0.00016554372592801208 -0.00024559670252386113 0.00073679010737153427 -0.00044889465237946238 0.0001496315508598308 1.580852587885717 1.5814299945299267
CERT 1.5810101646300568 1.5812738414675712 -1.5812906087940532 -1.5809821966686949 -0.00028290207152366505 0.00084870621437093839 -0.00010088317284035913 0.00030264951832105719 -1.5813418090933895 -1.5809310428037892 -0.00030030145041862318 0.00010010048353954776 -0.000504705899465695 0.00016823529988857622
CERT 1.5808609302303025 1.5814490957021677 -1.5813929397117032 -1.5808635469122531 -0.00077357512402527201 0.0023207253718756614 -0.00043897706373575924 0.0013169311910071899 -1.5815514331453164 -1.5806368291536803 -0.0014936559884235725 0.00049788532954122417 1.5806397162902013 1.5815504707664776
CERT 1.5809921489503492 1.5812923354143376 -1.5813112611384223 -1.5809611925889641 -0.00033130500513586276 0.00099391501520752204 -0.00012493508327944265 0.00037480524963830295 -0.00059208764250796462 0.00019736254756933471 -0.00035544534809782776 0.00011848178276595048 1.5809067908308617 1.5813655126411093
CERT 1.5810303059349101 1.5812486693371266 -1.5812674646324691 -1.5810105766246873 -0.00023665490428241128 0.0007099647126471866 -8.4665213157599552e-05 0.00025399563927278171 1.5809705413333224 1.5813087660043733 -0.00025632376371198349 8.5441254637333542e-05 -0.00042223172295484254 0.00014074390771829027
CERT 1.5810827908979628 1.5811969018192882 -1.5812033097833777 -1.5810712282871242 -0.00013495453336943245 0.0004048635999082703 -4.7148130217849581e-05 0.00014144439045353931 -6.671475630846495e-05 0.00020014426872538152 -0.00012269760030534203 4.0899200168450076e-05 1.5810470659205136 1.5812227045965035
STAT sym=1 N=5 worker=3 boxes=1057011 t0_chart=100662 t1_inertia=38361 t2_G=270816 t3_cluster=37303 t4_krawczyk_excl=81462 cert=24 unres=0
